7662
5382
7407
1
14411
7725
8493
5614
6469
3994
9686
6264
7662
5382
7407
5321
14411
7725
8493
5614
6469
3994
9686
6264
7662
5501
7407
5391
14411
7792
8493
5722
6469
4082
9686
6264
7662
5382
7407
5321
14411
7725
8493
5614
6469
3994
9686
6264
6746
5389
6795
5644
7059
4051
6746
5389
6795
5644
7059
4053
6746
5389
6795
5644
7059
0
6746
5389
6795
5644
7059
0
6746
5389
6795
5644
7059
0
6746
5389
6795
5644
7059
0
6746
5389
6795
5644
7059
4053
6746
5389
6795
5644
7059
4053
6746
5389
6795
5644
7059
4053
6746
5389
6795
5644
7059
4053
6746
5389
6795
5644
7059
4053
2547
1895
8390
6776
308
253
6746
5389
6795
5644
7059
4054
6746
5389
6795
5644
7059
4054
6746
5389
6795
5644
7059
4054
6746
5389
6795
5644
7059
4054
6746
0
6795
5644
7059
0
6746
5389
6795
5644
7059
0
6746
5389
6795
5644
7059
4050
6746
5389
6795
5644
7059
4054
6746
5389
6795
5644
7059
4050
6746
5389
6795
5644
7059
4054
6746
5389
6795
5644
7059
4054
6746
5389
6795
5644
7059
4054
6746
5324
6795
5558
7059
4054
6746
5324
6795
5558
7059
4054
6746
5324
6795
5558
7059
4054
6746
5324
6795
5558
7059
4054
6746
5324
6795
5558
7059
4054
6746
5324
6795
5558
7059
4054
6746
5324
6795
5558
7059
4054
6746
5324
6795
5558
7059
4054
6746
5324
6795
5558
7059
4054
6746
5324
6795
5558
7059
4054
6746
5324
6795
5558
7059
4054
6746
5324
6795
5558
7059
4054
6746
5324
6795
5558
7059
4054
6746
5324
6795
5558
7059
4054
6746
5324
6795
5558
7059
4054
6746
5324
6795
5558
7059
4054
6746
5324
6795
5558
7059
4054
6746
5324
6795
5558
7059
4054
6746
5324
6795
5558
7059
4054
6746
5324
6795
5558
7059
4054
6746
5324
6795
1
7059
4054
6746
5324
6795
5558
7059
4054
